IMAGE_NAME Dungeon16.png
TILE_COUNT 17
0 32 16 16 1 // 0
16 32 16 16 1// 1
32 32 16 16 1// 2
0 48 16 16 1// 3
32 48 16 16 1// 4
0 64 16 16 1// 5
32 64 16 16 1// 6
48 32 16 16 1// 7
64 32 16 16 1// 8
48 48 16 16 1// 9
64 48 16 16 1// 10
80 32 16 16 0// 11
96 32 16 16 0// 12
48 64 16 16 1// 13
16 48 16 16 1// 14
0 80 16 16 0// 15
160 16 16 16 0 // 16
GRID 30 20
0 1 1 1 1 1 1 1 1 1 1 1 1 13 1 1 1 1 1 1 1 1 1 1 2 0 1 1 1 2
3 11 12 11 12 11 12 11 12 11 12 11 12 11 12 11 12 11 12 11 12 11 12 11 4 3 12 11 12 4
3 12 11 12 11 12 11 12 11 12 11 12 11 12 11 12 11 12 11 12 11 12 11 12 4 3 11 12 11 4
3 11 12 11 12 11 12 11 12 11 12 11 12 11 12 11 12 11 12 11 12 11 12 11 9 10 12 11 12 4
3 12 11 12 11 12 11 12 11 12 11 12 11 12 11 12 11 12 11 12 11 12 11 12 11 12 11 12 11 4
5 11 12 11 12 11 12 11 12 11 12 11 12 11 12 11 12 11 12 11 12 11 12 11 12 11 12 11 12 4